7
1 2 3 4 5
-12
128
1.
+3 2 1 3
ab
-15 -10 -111 -3
1 1 1 1 1
2 7 8 128 1
9 6 -7 12 -129 3
6    -17  5         17 3 5  19
6 -7 -85 1 3 7 10 4 0 2 33 11 -15 -8 15 127 5 9 20 17
23 20 14 8 5 1 -128
-25 1 9 12 45 75 94 -37 24 42 88 -128 6 36 27 115 51 61 41 3 10 65 54 72 11 13 12 15 16 14 20 8 21 31 4 49 58 100 116 -100 -22 -23 -75 36 0 -127 120 -96 -6 -10 23 -25 -44 44 46 -71 -72 30 39 14 102 -103 105 -105 98 81 52 76 47 60 77 66 -66 -77 99 -99 80 -15 -60 70 38 -79 -94 126 104 103 -107 93 73 -93 -84 -55 -62 55 121 -120 -34 34 6 7 5 -18 -67 67 -2 -4 -9 -11 -16 -20 4 35 -35 -42 -50 26 -49 -91 -61 -125 28 123 -123 -110 111 -111 127
127 127 127 127 127 127 127 127 127 127 127 127 127 127 127 127 127 127 127 127 127 127 127 127 127 127 127 127 127 127 127 127 127 127 127 127 127 127 127 127 127 127 127 127 127 127 127 127 127 127 127 127 127 127 127 127 127 127 127 127 127 127 127 127 127 127 127 127 127 127 127 127 127 127 127 127 127 127 127 127 127 127 127 127 127 127 127 127 127 127 127 127 127 127 127 127 127 127 127 127 127 127 127 127 127 127 127 127 127 127 127 127 127 127 127 127 127 127 127 127 127 127 127 127 127 127 127
a b c 17 -39
-25 1 9 12 45 75 94 -37 24 42 88 -128 6 36 27 115 51 61 41 3 10 65 54 72 11 13 12 15 16 14 20 8 21 31 4 49 58 100 116 -100 -22 -23 -75 36 0 -127 120 -96 -6 -10 23 -25 -44 44 46 -71 -72 30 39 14 102 -103 105 -105 98 81 52 76 47 60 77 66 -66 -77 99 -99 80 -15 -60 70 38 -79 -94 126 104 103 -107 93 73 -93 -84 -55 -62 55 121 -120 -34 34 6 7 5 -18 -67 67 -2 -4 -9 -11 -16 -20 4 35 -35 -42 -50 26 -49 -91 -61 -125 28 123 -123 -110 111 -111 127 65 13 20
3.19 -189.6 17

